10055.9 0
57529.7 0
2000 0
2000 0
2000 0
2000 0
19397.3 0
0 0
22587.7 0
58585.6 0
58767.2 0
58766.5 0
58765.9 0
58765.3 0
58764.6 0
15250.5 1
26457.8 0
30949.7 0
14236.7 0
2000 0
16345.7 0
2000 0
2000 0
2000 0
2000 0
2000 0
2000 0
2000 0
2000 0
2000 0
2000 0
2000 0
0 0
0 0
0 0
0 0
0 0
0 0
0 0
0 0
0 0
0 0
0 0
0 0
0 0
0 0
0 0
0 0
0 0
0 0
0 0
0 0
0 0
0 0
0 0
0 0
0 0
0 0
0 0
0 0
0 0
0 0
0 0
0 0
0 0
0 0
0 0
0 0
0 0
0 0
0 0
0 0
0 0
0 0
0 0
0 0
0 0
0 0
0 0
0 0
2000 0
2000 0
68060 0
63363.8 0
68578.2 0
68577.5 0
68576.9 0
68576.3 0
68575.7 0
68449.6 0
68531.4 0
60076.1 0
11756.7 1
11877.2 0
2000 0
2000 0
5172.56 0
68570.3 0
2000 0
15848.9 0
2000 0
2000 0
23174.3 0
4082.04 0
0 0
68552.3 0
65685.9 0
62890.6 0
68755.6 0
68601.6 0
68241.7 0
67304.9 0
68167.7 0
68752.9 0
68363.6 0
61535 0
68248.5 0
15758.4 0
68750.2 0
68749.7 0
68749.2 0
3001.74 0
2000 0
2000 0
2000 0
2000 0
2000 0
2000 0
0 0
64456 0
59709.5 1
60125 1
59852.4 1
43584.6 1
68922.1 1
39798.8 1
42610.4 1
31100.7 1
37550.2 1
29988.5 1
2000 1
2000 1
2000 1
2000 1
2000 1
2000 1
2000 1
2000 1
36961.1 0
2276.1 0
41239.3 0
3527.21 0
0 0
69073.8 0
54162.2 0
47839.3 0
61892.3 0
57837.4 0
34150.1 0
69080.5 0
69080 1
58547.6 1
69079.2 0
37001.5 0
31622.2 0
30723.5 0
2000 0
2000 0
69076.7 0
9690.97 0
13689.9 0
9246.35 0
2000 0
2000 0
2000 0
2000 0
41871.4 0
28920.3 0
32960 0
36287 0
24308.2 0
39013.7 0
30678.9 0
65433.5 1
36770.2 0
59323.9 0
57091.2 0
56961 0
58367.7 0
50982.4 0
16533.7 0
46310 0
69042.5 0
2000 0
2000 0
2000 0
2000 0
2000 0
2000 0
2000 0
0 0
0 0
0 0
0 0
0 0
0 0
0 0
0 0
0 0
0 0
0 0
0 0
0 0
0 0
0 0
0 0
0 0
0 0
0 0
0 0
0 0
0 0
0 0
0 0
0 0
0 0
0 0
0 0
0 0
0 0
0 0
0 0
0 0
0 0
0 0
0 0
0 0
0 0
0 0
0 0
0 0
0 0
0 0
0 0
0 0
0 0
0 0
0 0
0 0
38633.7 0
50031.9 0
59771.5 0
27752.2 1
60559.4 0
76439 1
53157.3 1
67114.9 0
72188.5 0
69705.1 0
71105.1 0
9958.81 0
2000 0
2000 0
76450 0
76467.7 0
6363.89 0
19670.2 0
0 0
0 0
0 0
0 0
0 0
0 0
36155.3 1
74791.7 0
73962.6 0
77373.5 0
77360.4 1
59720 0
58932.6 0
70734.8 0
77371.7 0
67000.5 0
74595.9 0
49812.9 0
2808.12 1
2000 0
2000 0
2000 1
2000 0
2000 0
2000 0
2000 0
2000 0
19078 0
8651.88 0
0 0
48012.8 0
77330.6 1
35506.1 0
50768 0
46168.3 0
76776.4 0
60883.4 0
50857.1 0
77504.2 1
77350 0
77501.8 0
72782.2 0
77468 1
77077.4 0
53334.5 0
11049.1 0
77501.6 0
37455.4 0
2000 0
2000 0
2000 0
2000 0
0 0
0 0
77769.8 0
68973.2 0
77740.9 0
75515.1 0
74173.3 0
60921.5 0
16917 0
40005.4 1
23303.9 1
73189.6 1
74522.4 1
13087.9 1
2000 1
77765.6 1
77760.5 1
67781.7 1
2000 1
67621.4 1
2596.99 1
2000 1
2000 0
2000 0
2000 0
0 0
2000 0
10768.7 0
2326.03 0
2000 0
2000 0
63055.1 0
43550.7 0
53481.9 1
27968 0
8402.01 0
69971.8 0
51247.6 0
2000 0
24940.7 0
2000 0
2000 0
32543.8 0
2000 0
2000 0
2000 0
2000 0
2000 0
0 0
0 0
0 0
0 0
0 0
0 0
0 0
0 0
0 0
0 0
0 0
0 0
0 0
0 0
0 0
0 0
0 0
0 0
0 0
0 0
0 0
0 0
0 0
0 0
0 0
0 0
0 0
0 0
0 0
0 0
0 0
0 0
0 0
0 0
0 0
0 0
0 0
0 0
0 0
0 0
0 0
0 0
0 0
0 0
0 0
0 0
0 0
0 0
0 0
0 0
12104 1
12349 0
24178.8 1
84124.1 0
52928.4 1
13391.8 0
11648.7 0
84145 1
2000 0
0 0
0 0
0 0
0 0
0 0
0 0
0 0
0 0
0 0
0 0
0 0
0 0
0 0
0 0
0 0
81782.2 0
76913.8 0
85997.9 1
85988.8 1
74759.7 0
85985.4 0
54433.1 0
85996.4 0
54434.7 0
18175.9 0
2000 0
2000 0
2000 1
2000 1
2000 0
2000 0
2000 0
2000 0
2000 0
2000 0
2000 0
0 0
0 0
0 0
66498.2 0
2749.75 0
83910.5 0
85728.4 0
66336.1 1
16182.8 0
86350.9 0
3647.73 0
86344.8 0
85683.5 0
75109.3 0
3024.82 0
2000 0
2000 0
2000 0
2000 1
86218.4 1
86226.3 1
2000 0
2000 0
0 0
0 0
0 0
0 0
2000 1
2000 1
86813.6 1
18439.6 1
86812.6 1
0 0
0 0
0 0
0 0
0 0
0 0
0 0
0 0
0 0
0 0
0 0
0 0
0 0
0 0
0 0
0 0
0 0
0 0
0 0
55445.1 0
88945.6 0
31143.6 0
88741.4 0
88665.4 0
6100.04 0
80588.6 0
34060.3 0
35486.5 0
26171.7 1
89012.5 1
56339.6 0
10772 0
2000 0
7470.35 0
2000 0
4821.99 0
2000 0
2000 0
2000 0
4178.35 0
0 0
0 0
0 0
0 0
0 0
0 0
0 0
0 0
0 0
0 0
0 0
0 0
0 0
0 0
0 0
0 0
0 0
0 0
0 0
0 0
0 0
0 0
0 0
0 0
0 0
0 0
0 0
0 0
0 0
0 0
0 0
0 0
0 0
0 0
0 0
0 0
0 0
0 0
0 0
0 0
0 0
0 0
0 0
0 0
0 0
0 0
0 0
0 0
0 0
0 0
0 0
7391.84 0
85415.7 0
94762.8 0
75342.5 0
91170.2 0
91823.4 0
49707.3 0
89975.4 0
92856.1 0
93021.5 0
91854.1 0
14261.4 1
4855.11 1
4260.47 0
92560.2 0
10762.4 0
4058.47 1
2000 1
2000 1
3796.77 1
2000 1
2000 0
2407.43 0
0 0
5590.11 1
92721.1 1
91921.9 1
88115.8 1
91289.1 1
91081.3 1
91056.2 1
14512.7 1
83141.5 1
9355.41 1
94736.1 1
10816.8 1
2000 1
2000 1
2000 1
2000 1
2000 0
2000 0
2000 0
2000 0
2000 0
2000 0
0 0
0 0
2000 1
2000 0
2000 1
89377.7 1
54153.6 0
66820.5 0
2000 1
12559.8 0
2172.38 0
2000 0
2368.51 0
2000 0
2000 0
2000 0
10735 0
2131.41 0
2000 0
2000 0
93458.6 0
5422.6 0
2000 0
2000 0
0 0
0 0
2000 1
70408 1
94867.1 1
57826.6 1
52603.7 1
95279.8 1
44463.4 1
88012.7 1
58704.3 1
37451.9 1
2000 0
0 0
0 0
0 0
0 0
0 0
0 0
0 0
0 0
0 0
0 0
0 0
0 0
0 0
34385.4 1
92818.9 1
93121.3 1
11345 0
47791.4 0
13743.6 0
55175 0
91010.5 0
22962.2 0
2707.54 0
55563.6 0
96614.5 1
0 0
0 0
0 0
0 0
0 0
0 0
0 0
0 0
0 0
0 0
0 0
0 0
0 0
0 0
0 0
0 0
0 0
0 0
0 0
0 0
0 0
0 0
0 0
0 0
0 0
0 0
0 0
0 0
0 0
0 0
0 0
0 0
0 0
0 0
0 0
0 0
0 0
0 0
0 0
0 0
0 0
0 0
0 0
0 0
0 0
0 0
0 0
0 0
0 0
0 0
0 0
0 0
0 0
0 0
0 0
0 0
0 0
0 0
0 0
0 0
2000 0
2000 0
2000 0
2000 0
2000 0
2000 0
2000 0
2000 0
2000 0
2000 0
2000 0
2000 0
2000 0
2000 0
2000 0
2000 0
2000 0
2000 0
2000 0
2000 0
2000 0
0 0
0 0
0 0
2000 0
2000 0
2000 0
61579.6 0
2000 0
2000 1
2000 1
2000 1
2000 1
2000 1
2000 1
2000 1
2000 1
2000 1
2000 1
2000 1
2000 1
2000 1
2000 1
2000 1
2000 1
2000 1
2000 0
0 0
2000 0
103119 0
83368 0
33288 0
21041.8 1
85071.1 0
101827 0
101541 0
103016 0
103062 0
78416.8 1
2000 1
2000 0
2000 0
101376 0
62800.4 1
2000 1
2000 1
19939.8 1
2000 1
15658 1
0 0
0 0
13439.3 0
3506.86 0
103259 0
103255 0
102009 0
101608 0
101686 0
47350.6 0
31465.2 0
103223 0
52098.6 1
32624.2 0
103094 0
65802.5 0
2000 1
29492.2 0
98808.1 1
67442.7 0
2000 0
2000 0
2000 0
2000 0
2000 0
2000 0
12170 0
13665.1 0
101800 1
101681 1
48159.9 0
81388 0
102149 0
76944.9 0
69329.2 0
6454.59 0
2000 1
37669.2 0
66222.1 1
17613.1 1
4635.86 0
7640.54 1
2000 0
2000 0
59813.2 0
2000 0
2000 0
17883.6 0
2000 0
6628.81 0
11713.8 0
10488.9 0
2000 0
2000 0
2000 0
2000 0
22280.3 0
2000 0
8410.72 0
2000 0
3723.8 0
6937.4 0
6489.99 0
2000 0
2000 0
2000 0
13698.2 0
21489.5 0
17709.4 0
2309.29 0
2000 0
8027.41 0
2000 0
0 0
0 0
0 0
0 0
0 0
0 0
0 0
0 0
0 0
0 0
0 0
0 0
0 0
0 0
0 0
0 0
0 0
0 0
0 0
0 0
0 0
0 0
0 0
0 0
0 0
0 0
5108.25 0
18360.5 0
79983.3 1
28981.7 0
9136.51 0
93439.2 0
66406.9 1
4960.26 0
55951.7 1
75480.1 0
51506.1 0
4509.83 0
2000 0
2000 0
2000 0
100272 0
2000 0
2000 0
2000 0
2000 0
42279.6 0
2000 0
2000 0
0 0
85250.9 1
85596 0
66204 1
78413.1 0
54484.8 0
72881.7 0
3458.6 0
33289.7 0
85087.1 0
73199.1 0
54554.6 1
2000 1
2000 0
98161.2 0
0 0
0 0
0 0
0 0
0 0
0 0
0 0
0 0
0 0
0 0
65091.4 0
2000 0
2000 0
2000 0
81365.8 0
2000 0
27954.9 0
11845.3 0
73464.9 1
59370.7 0
2000 0
2000 0
2000 1
3271.85 0
2276.15 0
2000 0
2000 0
2000 0
4565.44 0
2000 0
2000 0
0 0
0 0
0 0
2000 0
2000 1
2000 1
2000 1
2000 1
2000 1
2000 1
2000 1
2000 1
2000 1
2000 0
2000 0
2000 0
2000 0
2000 1
2000 1
2000 1
2000 1
2000 1
0 0
0 0
0 0
0 0
0 0
2000 1
2000 1
2000 1
2000 1
2000 1
2000 1
2000 1
2000 1
2000 1
2000 1
2000 1
2000 1
2000 1
2000 1
2000 1
2000 1
2000 1
2000 1
2000 1
2000 1
2000 1
2000 1
0 0
0 0
0 0
0 0
0 0
0 0
0 0
0 0
0 0
0 0
0 0
0 0
0 0
0 0
0 0
0 0
0 0
0 0
0 0
0 0
0 0
0 0
0 0
0 0
0 0
0 0
0 0
0 0
0 0
0 0
0 0
0 0
0 0
0 0
0 0
0 0
0 0
0 0
0 0
0 0
0 0
0 0
0 0
0 0
0 0
0 0
0 0
0 0
0 0
0 0
2000 1
2000 1
2000 1
2000 1
2000 1
2000 1
2000 1
2000 1
2000 1
2000 1
2000 1
2000 1
2000 1
2000 1
2000 1
10428.3 1
2000 1
2000 1
2000 1
2000 1
2000 1
2000 1
2000 0
2000 0
2000 1
2000 0
2000 1
2000 0
2000 0
2000 1
2000 0
2000 1
2000 0
2000 1
2000 1
2000 1
2000 1
2000 1
2000 1
2000 1
2000 1
2000 1
2000 1
0 0
0 0
0 0
0 0
0 0
2000 1
2000 1
2000 1
2000 1
2000 1
2000 1
2000 1
2000 1
2000 1
2000 1
2000 1
2000 1
2000 1
2000 1
2000 1
2000 1
2000 1
2000 1
2000 1
2000 1
2000 1
2000 1
2000 0
0 0
2000 1
2000 1
2000 1
2000 1
2000 1
2000 1
2000 1
2000 1
2000 1
2000 1
2000 1
2000 1
2000 1
2000 1
2000 1
2000 1
2000 1
2000 1
2000 1
2000 1
2000 1
2000 1
2000 0
0 0
2000 1
2000 1
2000 1
2000 1
2000 1
2000 1
2000 1
2000 1
2000 1
2000 1
2000 1
2000 1
2000 1
2000 1
2000 1
2000 1
2000 1
2000 1
2000 1
2000 1
2000 1
2000 1
